0,273
0,270
74,35
3,2
3,1
3,3
10,143
10,273
10,103
10,187
10,25
10,133
69,3
10,297
69,2
69,1
69,0
68,3
68,2
68,1
68,0
67,4
67,3
11,5
11,15
11,23
67,2
67,1
67,0
66,6
66,5
66,4
66,3
66,2
66,1
66,0
39,6
39,5
39,4
9,5
9,2
9,3
39,3
39,1
38,3
38,1
37,4
8,10
8,7
8,13
37,3
37,1
36,4
8,17
8,14
36,3
36,1
8,9
8,4
8,2
8,3
35,3
0,439
35,1
34,3
34,1
33,6
33,5
33,4
33,3
33,1
32,3
32,1
31,5
31,3
31,1
30,6
30,4
30,3
30,1
29,5
29,4
29,3
29,1
27,4
27,3
27,1
24,3
24,1
20,3
20,2
20,1
19,3
19,2
19,1
14,4
12,3
12,2
12,1
11,30
11,29
11,26
11,25
11,24
11,21
11,20
11,18
11,16
11,14
11,13
11,12
11,10
11,7
11,6
11,4
11,3
